"X1";"X2";"X3";"X4";"Y"
"1";0.167624570662156;0.24760834663175;0.981144282734022;-0.365881387144327;4.4215337006665
"2";0.427154446719214;0.662146801128983;0.394141348544508;0.438178239623085;-7.88643972154843
"3";0.406419758452103;0.809686116874218;0.639262709999457;-0.0876068088691682;-1.14673327886155
"4";0.0618124639149755;0.420397452544421;0.437492031604052;0.468990691937506;-10.4562411001858
"5";0.965880632400513;0.00691773323342204;0.141291075618938;0.302681363886222;4.46851203850918
"6";0.785715671954677;0.935737648978829;0.848315769340843;-0.452577292919159;3.46844063231992
"7";0.692065930692479;0.741371164098382;0.61756593734026;0.139279486378655;-6.97338519662106
"8";0.424852431053296;0.984106082702056;0.879897329024971;-0.261949592037126;2.70653583769388
"9";0.0544413006864488;0.860630781855434;0.199549988843501;0.37910893256776;-21.3266741616471
"10";0.28345113992691;0.57913903426379;0.430814716732129;0.4945125982631;-6.6272433402088
"11";0.538225139956921;0.824442981509492;0.306659400928766;0.416675557382405;-9.10658116277782
"12";0.0670058147516102;0.0839156256988645;0.792269818019122;0.425128682749346;-8.15235978320469
"13";0.556165802758187;0.717112686019391;0.306262651924044;0.443934618262574;-5.64146592593715
"14";0.0195015093777329;0.0484581007622182;0.182761304080486;-0.220476205693558;5.10008278376238
"15";0.223843397572637;0.133150272071362;0.262219049734995;0.416637453483418;-7.2766464981026
"16";0.70798892271705;0.611365414690226;0.608357947552577;0.455654292367399;0.188218202193453
"17";0.427134634228423;0.222134510520846;0.18336188280955;-0.085920374142006;6.1079516879609
"18";0.762378531508148;0.929440602660179;0.865841274382547;0.204320165328681;-10.3179410193313
"19";0.568677393952385;0.260811687912792;0.626723566791043;-0.27700275555253;14.2502834607469
"20";0.457345883594826;0.508519344031811;0.308908110950142;0.464739402290434;-3.44785746047361
"21";0.413353006821126;0.330043167341501;0.798301893984899;0.229027374647558;-9.42627800397909
"22";0.884623959194869;0.685889494372532;0.798072786070406;0.236471210606396;-4.74813126225195
"23";0.913532733917236;0.678457646630704;0.449887997237965;0.482402047142386;4.91980174075198
"24";0.101660494226962;0.849384796107188;0.11216299678199;-0.480475985677913;-11.7894909909599
"25";0.690991757204756;0.836388225900009;0.837761257542297;0.235897199716419;-10.6349216824685
"26";0.359391982667148;0.831082394346595;0.407051225658506;0.391962106805295;-13.7078679234675
"27";0.194332400104031;0.580373129341751;0.429001109208912;-0.110979105578735;-1.4253314874508
"28";0.208477145992219;0.925955692771822;0.240331690525636;-0.0908692430239171;-5.88276209778518
"29";0.0538027414586395;0.111017688410357;0.69471385423094;-0.485481797717512;-4.35315433952013
"30";0.961567436344922;0.923677978804335;0.268766902619973;0.249608691316098;-6.59677342492459
"31";0.758815163979307;0.119050147011876;0.176101078977808;-0.0409632583614439;11.3407853195762
"32";0.365834895288572;0.0294386660680175;0.751038283575326;-0.0818880782462656;8.78759998466594
"33";0.834748674649745;0.36452091136016;0.355816302122548;-0.413345518521965;13.8408242399269
"34";0.794213667046279;0.0253843502141535;0.77571056666784;-0.326849540928379;19.9085812987547
"35";0.702775192214176;0.129923617467284;0.405082642100751;-0.475766401039436;9.25659315654199
"36";0.757281298050657;0.62333793612197;0.7560495196376;0.483388773864135;2.1764872042599
"37";0.435997048160061;0.248607852263376;0.693397968309;0.348552460316569;-6.64332776095
"38";0.924625943182036;0.842672002967447;0.730075242463499;-0.0490998579189181;7.92362622902244
"39";0.289771896321326;0.729233727557585;0.946284535108134;-0.30952944746241;2.36822898344329
"40";0.00768995750695467;0.60681321285665;0.843868113355711;-0.3051739691291;-1.96674107875396
"41";0.655535467201844;0.324755216715857;0.178600054001436;-0.170418657362461;13.5473100158157
"42";0.822166934842244;0.676021391060203;0.318964792881161;0.4488015093375;1.06221501396543
"43";0.46854092925787;0.933283422375098;0.0539022656157613;-0.146002076100558;0.753697830363334
"44";0.101893589366227;0.0184003114700317;0.285109534393996;0.426800733432174;-6.95729003045745
"45";0.0939769032411277;0.515675566392019;0.0404587592929602;0.134505016263574;-16.7999343094038
"46";0.635142556624487;0.877568667987362;0.300472068833187;0.455070367781445;-5.57238375450309
"47";0.730536759132519;0.122568412451074;0.236520056147128;-0.0800796861294657;12.9383207500061
"48";0.743150389753282;0.33603329421021;0.497942845104262;-0.313110246323049;16.1211011868684
"49";0.895579279167578;0.135520832613111;0.081662358250469;0.0309156440198421;9.74983483838976
"50";0.0206759746652097;0.277120375772938;0.465182874584571;0.444510390982032;-10.6724345174299
"51";0.87261650338769;0.013708638260141;0.697978908894584;-0.182557532796636;22.0520093603384
"52";0.356540876440704;0.403127736644819;0.0288117821328342;0.207705957116559;-12.7046765479541
"53";0.748802339658141;0.841487128986046;0.95783492969349;0.358801349299029;-7.18958416419238
"54";0.408776440890506;0.12661050260067;0.646248033037409;0.0913860187865794;-3.58087678489555
"55";0.83656968921423;0.844458665931597;0.85793633130379;0.174496360123158;-5.75116065741657
"56";0.220185227924958;0.117893834598362;0.708736564265564;-0.295544340740889;7.82464184287675
"57";0.757348442915827;0.708324038190767;0.726943001151085;0.461565591860563;0.210854008465759
"58";0.205739313736558;0.696313144871965;0.337963247206062;-0.231883484404534;0.619046398952176
"59";0.0928062256425619;0.209401670843363;0.181649815058336;-0.292300550965592;4.16716693582005
"60";0.885884306859225;0.0374002258758992;0.185049327788875;-0.117529009701684;19.1113649042178
"61";0.983826727140695;0.248712197411805;0.441003342159092;-0.0057166269980371;12.651446984963
"62";0.424624128267169;0.927259158110246;0.657492912141606;-0.347643269691616;1.04598067077058
"63";0.993435878073797;0.090799052035436;0.640635420335457;-0.37349337991327;21.4107098079718
"64";0.779760014265776;0.822407469619066;0.41090571298264;-0.171696178847924;9.24762171976373
"65";0.482688565738499;0.12859919667244;0.263037101132795;0.0101102110929787;3.14018563070747
"66";0.863135667750612;0.604250894160941;0.511476122541353;0.470701028360054;3.71015614767043
"67";0.333646305836737;0.644213514169678;0.630476591410115;0.364105367800221;-13.342043809914
"68";0.924120281590149;0.69952704012394;0.584894468775019;0.336597969988361;-2.46108556933905
"69";0.101891697151586;0.78036161698401;0.817875413224101;-0.373804582748562;-4.31881548285922
"70";0.279470865381882;0.460898864548653;0.658669283147901;0.489943676162511;-4.24399357955355
"71";0.377880470827222;0.364266217686236;0.906441130442545;0.0292449567932636;-2.3056595981302
"72";0.347067019436508;0.146394403418526;0.735592249548063;-0.311802446842194;10.0998545660619
"73";0.575203807326034;0.262594844447449;0.0785449980758131;-0.20310903666541;12.4438125150494
"74";0.109537088079378;0.791057933587581;0.85075138695538;0.461542674340308;-14.1467095300505
"75";0.220207242993638;0.479236888699234;0.500494772102684;0.2778497308027;-15.4632660228579
"76";0.107264863559976;0.677666742121801;0.291726391529664;0.249705104390159;-20.1620139276762
"77";0.0096990168094635;0.394030369818211;0.715975578641519;0.322207087883726;-17.6975529746755
"78";0.759762970963493;0.312825479079038;0.979433556087315;0.285560203483328;-2.0128897553875
"79";0.512642728164792;0.937799372943118;0.661797672742978;-0.421168360859156;-0.627351218861609
"80";0.726217759307474;0.447146783582866;0.573243510443717;0.389537041541189;-2.35162236796294
"81";0.475919032935053;0.856293316232041;0.750631069764495;0.456648483872414;-6.65584940729563
"82";0.468906646827236;0.636006790911779;0.200443768408149;0.103254542686045;-8.7935368778494
"83";0.107435158686712;0.17392599163577;0.208908859407529;0.468591384589672;-6.90807802814674
"84";0.395240525016561;0.654676334001124;0.748720115516335;-0.189992702333257;5.53228777145025
"85";0.871567773167044;0.0850098300725222;0.362209152663127;-0.301828375086188;20.9117906639342
"86";0.646356696262956;0.703968739137053;0.189044072059914;-0.0983788603916764;5.67238354074204
"87";0.0514039364643395;0.0138875695411116;0.546502312878147;-0.316693196771666;6.09322463447987
"88";0.711730786133558;0.465190260205418;0.814997580600902;-0.257748328149319;14.1688699186003
"89";0.561786080477759;0.429641099879518;0.137412138516083;-0.424372442532331;6.10268994087003
"90";0.981773426523432;0.715319584589452;0.326645355904475;-0.163105975836515;15.3725002103285
"91";0.0756150300148875;0.918500231811777;0.53987502027303;-0.26901584258303;-3.2838882639816
"92";0.0866550048813224;0.00246661715209484;0.275875488994643;0.337346003623679;-11.8666544958948
"93";0.799515441758558;0.49322876194492;0.293590521672741;-0.347401992883533;13.711878862465
"94";0.350782359251752;0.39170087990351;0.846920318435878;-0.0163137037307024;-0.942271113455447
"95";0.0570786560419947;0.87579758791253;0.360962267499417;-0.1432514723856;-6.27562991909405
"96";0.668494820594788;0.888403995428234;0.614026940893382;0.273617126978934;-11.7597470120909
"97";0.52487862855196;0.502258989028633;0.387028685072437;0.369969253661111;-7.43659391294481
"98";0.587811012053862;0.0759428369347006;0.368793466128409;-0.368763235630468;13.4507365769927
"99";0.931004093494266;0.51163413003087;0.147070162696764;-0.294363501248881;16.8711002026288
"100";0.824467939091846;0.742826379137114;0.939117938745767;-0.0761390551924706;7.90025818627756
